{
  "variables": [
    {
      "key": "conceptual_modelling",
      "label": "Conceptual modelling"
    },
    {
      "key": "data_topology",
      "label": "Data & topology"
    },
    {
      "key": "simulation_correctness",
      "label": "Simulation correctness"
    },
    {
      "key": "experimental_design",
      "label": "Experimental design"
    },
    {
      "key": "results_interpretation",
      "label": "Results interpretation"
    },
    {
      "key": "code_quality",
      "label": "Code quality"
    },
    {
      "key": "traceability",
      "label": "Traceability"
    },
    {
      "key": "totalScore",
      "label": "Total score"
    },
    {
      "key": "totalTokens",
      "label": "Total tokens"
    },
    {
      "key": "runtimeSeconds",
      "label": "Runtime (s)"
    }
  ],
  "matrix": [
    [
      1.0,
      0.8969924628880609,
      0.9048165384931078,
      0.9371928511748057,
      0.9482765123334783,
      0.8022462426315409,
      0.6420578831241025,
      0.9751700615116053,
      -0.08647908694379515,
      0.4678007428531998
    ],
    [
      0.8969924628880609,
      0.9999999999999999,
      0.8752464330065992,
      0.8585150167957949,
      0.8015480918626348,
      0.8305529981296664,
      0.5303913865138239,
      0.8917786000769993,
      0.2681749582253684,
      0.7671932182792478
    ],
    [
      0.9048165384931078,
      0.8752464330065992,
      1.0,
      0.9287855433582775,
      0.8422004916172241,
      0.75,
      0.710010722691882,
      0.9462916232627815,
      0.29095718698132317,
      0.8910563851303024
    ],
    [
      0.9371928511748057,
      0.8585150167957949,
      0.9287855433582775,
      1.0,
      0.9333350264596335,
      0.8574848349792582,
      0.7913372338386994,
      0.9606284492684254,
      0.20868716185960046,
      0.7484811885651198
    ],
    [
      0.9482765123334783,
      0.8015480918626348,
      0.8422004916172241,
      0.9333350264596336,
      1.0,
      0.8234013735007683,
      0.6589888674295632,
      0.9441622457627846,
      -0.1149321249537293,
      0.47809144373375745
    ],
    [
      0.8022462426315409,
      0.8305529981296664,
      0.75,
      0.8574848349792582,
      0.8234013735007683,
      1.0,
      0.6897247020435425,
      0.8381440091756064,
      0.20868716185960046,
      0.6000991981489792
    ],
    [
      0.6420578831241024,
      0.5303913865138239,
      0.710010722691882,
      0.7913372338386995,
      0.6589888674295632,
      0.6897247020435425,
      1.0,
      0.7305636159028807,
      0.5143444998736396,
      0.5976143046671968
    ],
    [
      0.9751700615116055,
      0.8917786000769993,
      0.9462916232627814,
      0.9606284492684254,
      0.9441622457627847,
      0.8381440091756065,
      0.7305636159028807,
      1.0,
      0.17964393928698885,
      0.6847124716486249
    ],
    [
      -0.08647908694379515,
      0.2681749582253684,
      0.2909571869813232,
      0.20868716185960046,
      -0.11493212495372931,
      0.20868716185960046,
      0.5143444998736396,
      0.17964393928698885,
      1.0,
      0.5714285714285715
    ],
    [
      0.46780074285319984,
      0.7671932182792478,
      0.8910563851303024,
      0.7484811885651198,
      0.47809144373375745,
      0.6000991981489792,
      0.5976143046671969,
      0.6847124716486249,
      0.5714285714285715,
      1.0
    ]
  ],
  "n_pairs": [
    [
      12,
      12,
      12,
      12,
      12,
      12,
      12,
      12,
      8,
      7
    ],
    [
      12,
      12,
      12,
      12,
      12,
      12,
      12,
      12,
      8,
      7
    ],
    [
      12,
      12,
      12,
      12,
      12,
      12,
      12,
      12,
      8,
      7
    ],
    [
      12,
      12,
      12,
      12,
      12,
      12,
      12,
      12,
      8,
      7
    ],
    [
      12,
      12,
      12,
      12,
      12,
      12,
      12,
      12,
      8,
      7
    ],
    [
      12,
      12,
      12,
      12,
      12,
      12,
      12,
      12,
      8,
      7
    ],
    [
      12,
      12,
      12,
      12,
      12,
      12,
      12,
      12,
      8,
      7
    ],
    [
      12,
      12,
      12,
      12,
      12,
      12,
      12,
      12,
      8,
      7
    ],
    [
      8,
      8,
      8,
      8,
      8,
      8,
      8,
      8,
      8,
      7
    ],
    [
      7,
      7,
      7,
      7,
      7,
      7,
      7,
      7,
      7,
      7
    ]
  ],
  "sample_size": 12,
  "method": "spearman",
  "min_pairs": 3
}
